1122538490769457275
1122538490769457276
1122538490769457277
1131045932683771934
1131045952514424853
1131045988853874791
1131046043740549160
1131046172287586404
1131046174858690680
1131046389015646218
1131046391486099576
1131046408208797766
1131046788212740116
1131046816591388703
1131046839139971154
1131046873814286376
1131046888926355476
1131046911546236978
1131046933293699102
1131046953048875060
1131047002399047791
1131047031595601981
1131047045512314880
1131047093251878922
1131047364975673416
1175100077161857045